[[5496.465      2206.805       685.9300678 ]
 [5496.477      2206.814       685.80649968]
 [5496.487      2206.825       685.69512103]
 [5496.497      2206.835       685.58938541]
 [5496.507      2206.846       685.47586574]
 [5496.519      2206.86        685.33419272]
 [5496.533      2206.875       685.17734849]
 [5496.547      2206.89        685.02451231]
 [5496.56       2206.905       684.87515482]
 [5496.574      2206.917       684.72842986]
 [5496.59       2206.927       684.57349828]
 [5496.605      2206.935       684.43465416]
 [5496.621      2206.945       684.27875085]
 [5496.637      2206.954       684.12870619]
 [5496.653      2206.966       683.9705581 ]
 [5496.667      2206.982       683.8046687 ]
 [5496.682      2206.998       683.63725871]
 [5496.697      2207.017       683.46216215]
 [5496.712      2207.035       683.28809589]
 [5496.727      2207.052       683.11532312]
 [5496.743      2207.068       682.94212409]
 [5496.759      2207.083       682.76861469]
 [5496.775      2207.1         682.58854177]
 [5496.784      2207.108       682.49441349]
 [5496.793      2207.116       682.40125864]
 [5496.801      2207.124       682.30864973]
 [5496.81       2207.132       682.21680556]
 [5496.827      2207.147       682.03886651]
 [5496.844      2207.161       681.86196906]
 [5496.861      2207.174       681.69053566]
 [5496.878      2207.187       681.51816152]
 [5496.895      2207.2         681.34490883]
 [5496.912      2207.214       681.16929756]
 [5496.929      2207.229       680.9897225 ]
 [5496.945      2207.245       680.81058509]
 [5496.961      2207.26        680.63919781]
 [5496.977      2207.276       680.46011814]
 [5496.994      2207.292       680.27850812]
 [5497.003      2207.301       680.18582773]
 [5497.012      2207.309       680.08980169]
 [5497.021      2207.317       679.99501959]
 [5497.037      2207.333       679.81535098]
 [5497.054      2207.349       679.63735579]
 [5497.07       2207.363       679.46458364]
 [5497.087      2207.374       679.30004283]
 [5497.103      2207.382       679.14983802]
 [5497.121      2207.388       678.99206376]
 [5497.139      2207.394       678.83721504]
 [5497.156      2207.4         678.68126536]
 [5497.174      2207.405       678.5274265 ]
 [5497.192      2207.41        678.37231592]
 [5497.21       2207.415       678.22008649]
 [5497.227      2207.422       678.06604459]
 [5497.244      2207.43        677.90508517]
 [5497.26       2207.443       677.73734091]
 [5497.275      2207.453       677.58402696]
 [5497.291      2207.466       677.42518059]
 [5497.307      2207.478       677.25498448]
 [5497.324      2207.49        677.08627083]
 [5497.34       2207.501       676.92551123]
 [5497.355      2207.512       676.77431808]
 [5497.37       2207.521       676.63287976]
 [5497.385      2207.531       676.48126876]
 [5497.402      2207.541       676.31998252]
 [5497.416      2207.548       676.1880447 ]
 [5497.43       2207.555       676.05250057]
 [5497.445      2207.558       675.9272893 ]
 [5497.459      2207.557       675.81602635]
 [5497.472      2207.554       675.72639007]
 [5497.483      2207.553       675.63785035]
 [5497.494      2207.55        675.56014257]
 [5497.501      2207.536       675.53995059]
 [5497.51       2207.522       675.50745957]
 [5497.522      2207.505       675.45659837]
 [5497.537      2207.484       675.39813413]
 [5497.545      2207.473       675.36333133]
 [5497.552      2207.463       675.32996503]
 [5497.56       2207.452       675.29398216]
 [5497.568      2207.441       675.25440756]
 [5497.577      2207.43        675.21383259]
 [5497.585      2207.418       675.17178923]
 [5497.594      2207.407       675.12737353]
 [5497.603      2207.398       675.07959092]
 [5497.61       2207.386       675.04328471]
 [5497.619      2207.375       675.00014936]
 [5497.627      2207.364       675.00014936]
 [5497.635      2207.354       675.00014936]
 [5497.643      2207.344       675.00014936]
 [5497.656      2207.327       675.00014936]
 [5497.665      2207.315       675.00014936]
 [5497.673      2207.303       675.00014936]
 [5497.67       2207.285       675.00014936]
 [5497.659      2207.271       675.00014936]
 [5497.649      2207.254       675.02313816]
 [5497.636      2207.235       675.16885069]
 [5497.622      2207.212       675.3443933 ]
 [5497.613      2207.2         675.44354455]
 [5497.603      2207.187       675.55686816]
 [5497.592      2207.174       675.67907583]
 [5497.581      2207.162       675.79859462]
 [5497.57       2207.151       675.91984959]
 [5497.557      2207.141       676.0502129 ]
 [5497.544      2207.13        676.18771619]
 [5497.529      2207.12        676.33497537]
 [5497.514      2207.111       676.48560286]
 [5497.498      2207.101       676.63966392]
 [5497.482      2207.093       676.79179713]
 [5497.468      2207.085       676.93408221]
 [5497.454      2207.076       677.0740189 ]
 [5497.44       2207.069       677.20847831]
 [5497.426      2207.061       677.34420244]
 [5497.412      2207.054       677.48234085]
 [5497.397      2207.047       677.62071361]
 [5497.383      2207.039       677.75807351]
 [5497.369      2207.031       677.89753494]
 [5497.355      2207.024       678.03535809]
 [5497.34       2207.016       678.17642899]
 [5497.325      2207.008       678.32602262]
 [5497.309      2207.          678.47769417]
 [5497.293      2206.991       678.63745735]
 [5497.276      2206.982       678.79694139]
 [5497.26       2206.973       678.95461668]
 [5497.244      2206.965       679.10661439]
 [5497.229      2206.956       679.26129195]
 [5497.213      2206.948       679.41112268]
 [5497.198      2206.939       679.56087692]
 [5497.182      2206.93        679.71319299]
 [5497.167      2206.922       679.86538842]
 [5497.151      2206.913       680.01487034]
 [5497.136      2206.905       680.16398614]
 [5497.121      2206.896       680.31489481]
 [5497.105      2206.887       680.46705226]
 [5497.09       2206.878       680.61744231]
 [5497.074      2206.87        680.76814403]
 [5497.059      2206.861       680.91825172]
 [5497.043      2206.852       681.07119014]
 [5497.028      2206.844       681.22564732]
 [5497.012      2206.835       681.3786753 ]
 [5496.996      2206.826       681.53107533]
 [5496.981      2206.817       681.68569438]
 [5496.965      2206.809       681.84011185]
 [5496.949      2206.8         681.99283046]
 [5496.934      2206.791       682.1435562 ]
 [5496.919      2206.783       682.29144173]
 [5496.903      2206.774       682.43928867]
 [5496.889      2206.766       682.58320958]
 [5496.874      2206.758       682.72896463]
 [5496.859      2206.75        682.87616107]
 [5496.843      2206.741       683.0279221 ]
 [5496.827      2206.732       683.18221048]
 [5496.811      2206.724       683.33769342]
 [5496.795      2206.715       683.49295873]
 [5496.779      2206.706       683.64737004]
 [5496.764      2206.698       683.79932793]
 [5496.748      2206.688       683.95166142]
 [5496.733      2206.68        684.10089355]
 [5496.718      2206.672       684.24953165]
 [5496.703      2206.664       684.39751693]
 [5496.687      2206.655       684.54757137]
 [5496.672      2206.646       684.69898001]
 [5496.656      2206.637       684.85885901]
 [5496.639      2206.627       685.02270725]
 [5496.621      2206.617       685.19949237]
 [5496.603      2206.607       685.37232429]
 [5496.586      2206.598       685.53497296]
 [5496.57       2206.589       685.69051694]
 [5496.555      2206.581       685.83771119]
 [5496.541      2206.573       685.97689709]
 [5496.527      2206.566       686.11242233]
 [5496.513      2206.558       686.24767447]
 [5496.5        2206.55        686.38225033]
 [5496.486      2206.542       686.51504349]
 [5496.472      2206.534       686.64968255]
 [5496.459      2206.527       686.78168396]
 [5496.445      2206.519       686.91663587]
 [5496.431      2206.511       687.05013915]
 [5496.418      2206.502       687.18726121]
 [5496.403      2206.495       687.32610726]
 [5496.389      2206.487       687.46762525]
 [5496.374      2206.479       687.60726342]
 [5496.361      2206.471       687.7441718 ]
 [5496.346      2206.463       687.88167375]
 [5496.333      2206.455       688.01548465]
 [5496.319      2206.447       688.15173628]
 [5496.305      2206.439       688.28620018]
 [5496.291      2206.432       688.42294486]
 [5496.277      2206.424       688.56092813]
 [5496.263      2206.416       688.69927601]
 [5496.248      2206.408       688.83982834]
 [5496.234      2206.4         688.98086053]
 [5496.22       2206.393       689.11935348]
 [5496.205      2206.385       689.25752914]
 [5496.191      2206.377       689.39441725]
 [5496.178      2206.37        689.52673279]
 [5496.164      2206.362       689.65858445]
 [5496.151      2206.355       689.79230516]
 [5496.137      2206.347       689.92506306]
 [5496.124      2206.339       690.05556401]
 [5496.111      2206.332       690.1826717 ]
 [5496.098      2206.325       690.30347853]
 [5496.087      2206.318       690.41501519]
 [5496.076      2206.312       690.51882536]
 [5496.06       2206.302       690.67741543]
 [5496.049      2206.296       690.78181857]
 [5496.04       2206.29        690.86922349]
 [5496.031      2206.305       690.91469455]
 [5496.03       2206.326       690.79551781]
 [5496.039      2206.346       690.65767016]
 [5496.05       2206.357       690.55243291]
 [5496.063      2206.369       690.42758616]
 [5496.077      2206.383       690.284161  ]
 [5496.091      2206.396       690.1380796 ]
 [5496.104      2206.41        689.99163039]
 [5496.127      2206.432       689.74832777]
 [5496.142      2206.448       689.58342144]
 [5496.156      2206.464       689.42179933]
 [5496.171      2206.478       689.26744484]
 [5496.185      2206.49        689.11679606]
 [5496.201      2206.505       688.95016441]
 [5496.214      2206.523       688.78438834]
 [5496.229      2206.539       688.62141193]
 [5496.243      2206.555       688.46151914]
 [5496.258      2206.571       688.2883428 ]
 [5496.275      2206.588       688.10583114]
 [5496.283      2206.597       688.01356422]
 [5496.291      2206.606       687.92069965]
 [5496.3        2206.615       687.82718932]
 [5496.316      2206.632       687.64505589]
 [5496.325      2206.64        687.55286224]
 [5496.341      2206.658       687.37002531]
 [5496.357      2206.675       687.1883655 ]
 [5496.373      2206.692       687.01092669]
 [5496.389      2206.708       686.8384113 ]
 [5496.404      2206.724       686.6684891 ]
 [5496.418      2206.739       686.51259605]
 [5496.431      2206.753       686.36724846]
 [5496.44       2206.764       686.2574934 ]
 [5496.449      2206.776       686.15046639]]